year | lowest temperature | highest temperature | average minimum temperature | average maximum temperature | mean temperature | total precipitation | total snow | max 24 hour precipitation | max 24 hour snow
2017 11 61 29.3 41 35.1 4.25 8.9 1.09 7
2016 8 58 25.7 39.5 32.6 3.27 9.5 1.38 6.1
2015 -1 52 19.2 33.2 26.2 3.57 34.3 0.95 22.1
2014 2 59 20 35.1 27.5 3.24 21.8 0.79 10.6
2013 4 61 24.3 38.8 31.5 1.08 5 0.37 3.2
2012 6 60 26.6 41.7 34.1 2.67 6.8 0.92 2.9
2011 -2 56 21.5 33.6 27.6 4.01 38.3 1.4 14.6
2010 6 57 23.3 35.9 29.6 2.91 13.2 0.81 6.4
2009 6 40 18.5 31.2 24.8 3.35 23.7 1.17 9.3
2008 7 67 26.5 40.3 33.4 2.69 8.3 1.41 7
2007 3 69 25.9 39.6 32.7 2.57 1 0.86 0.6
2006 10 60 29.6 43.4 36.5 4.6 8.1 0.9 4.4
2005 -2 63 19.7 33.8 26.7 4.45 43.3 0.75 13.4
2004 -7 50 14.1 27.2 20.7 1.01 4.9 0.29 1.6
2003 1 44 17.7 30.4 24.1 1.81 4.2 0.51 1.4
2002 22 65 31 42.4 36.7 3.14 7.9 0.8 3
2001 12 44 23.7 36.2 30 1.58 12.4 0.42 6.4
2000 0 64 19.3 35.7 27.5 2.62 13.7 0.76 5.6
1999 2 62 21.5 37.5 29.5 5.69 16.8 1.67 7.8
1998 7 60 28.1 39.7 33.9 4.76 10 1.53 2.6
1997 0 55 21.7 36.7 29.2 2.34 9.7 0.71 4.6
1996 3 60 22.7 37.5 30.1 7.44 39.8 1.82 13.2
1995 12 66 28.1 41 34.6 4.33 4.4 1.2 2.2
1994 -4 54 13.4 31 22.2 5.22 33.7 1.19 7.9
1993 10 62 25.4 39.4 32.4 2.17 12.9 0.68 6.4
1992 7 58 23.8 38.2 31 3.11 0.4 1.3 0.3
1991 4 49 22.2 36.6 29.4 3.24 11.7 0.92 4.3
1990 14 63 29.5 43.3 36.4 3.78 7 1 3.5
1989 5 54 26.4 42.6 34.5 0.61 1.5 0.18 0.8
1988 -4 58 20.5 35.1 27.8 2.5 17 0.81 9
1987 8 50 22.2 35.6 28.9 7.28 24.3 2.24 5.3
1986 1 58 23.1 39.6 31.4 3.42 0.8 0.82 0.4
1985 6 45 17.5 31.2 24.3 1.12 7 0.2 1.9
1984 1 51 20.9 32.4 26.6 2.31 21.1 0.57 5.9
1983 0 59 24.8 37.6 31.2 5.03 4.7 1.44 2.7
1982 -2 56 15.2 30.5 22.9 4.69 18 1.57 7
1981 -4 49 14.3 28.5 21.4 0.95 11.9 0.22 3
1980 11 57 23.2 35.6 29.4 0.74 0.4 0.32 0.4
1979 4 61 25.8 39.1 32.5 10.55 10.5 2.52 4.2
1978 10 58 21.3 35.6 28.4 8.12 35.9 2.05 21
1977 3 47 16.7 29.8 23.2 4.41 23.2 1.71 13.8
1976 -4 56 18.1 34.1 26.1 5.29 16.8 1.01 6.7
1975 11 62 28.4 41.4 34.9 5.7 2.2 1.46 0.8
1974 -3 63 24.6 38.8 31.7 3.22 16 0.66 7.4
1973 1 61 23.7 39.1 31.4 3.12 3.6 1.27 1.7
1972 5 59 25 40.9 33 2.05 7.8 0.37 3
1971 2 46 16.6 30.9 23.7 1.88 12 0.44 4.9
1970 3 49 16.6 29.4 23 0.89 9.2 0.25 2.2
1969 7 49 23.4 35.2 29.3 2.26 0.9 0.76 0.7
1968 -4 50 18.2 32.9 25.5 3.85 17.7 1.17 6.6
1967 7 62 28.7 41.4 35.1 2.28 0.5 1.04 0.5
1966 6 61 22.5 35 28.8 5.29 26.4 1.48 7.4
1965 -4 57 18 32.7 25.4 2.64 22.2 1.21 6.9
1964 10 55 24.7 38.6 31.7 4.56 14.4 1.09 8.6
1963 4 54 22.4 36.5 29.5 3.13 6.5 0.84 5
1962 6 56 20.6 36.7 28.7 3.11 2.5 1.34 1.5
1961 4 56 17.7 32.2 25 2.92 18.7 1.22 11.8
1960 9 57 24.7 37.1 30.9 3.04 10.2 0.92 3.3
1959 2 62 20.8 36.6 28.7 2.72 4.1 1 1.5
1958 4 53 24.7 37.2 31 9.54 6.6 1.79 3.1
1957 -12 58 15.1 31.6 23.4 2.47 20.6 0.72 9.5
1956 5 44 25.5 35.7 30.6 6.99 7.7 1.52 6.1
1955 10 45 22.2 34.7 28.5 0.92 0.9 0.62 0.3
1954 3 53 18.5 33.4 25.9 3.26 22.8 0.65 4.8
1953 15 58 27.6 41.4 34.2 6.28 13.6 1.96 8.4
1952 1 55 24.8 40.3 32.6 4.31 10.7 1.06 4.7
1951 1 61 26 41.9 34 4.04 13.9 0.96 6.3
1950 6 72 27.6 44.7 36.2 3.86 7.9 0.72 3.9
1949 14 60 27.6 41.7 34.7 3.21 13.7 0.69 6.5
1948 -3 45 16.4 30.3 23.3 5.11 32.5 1.11 7.3
1947 8 61 24.3 40.9 32.6 2.45 4 0.91 2.4
1946 -3 57 20.5 36.2 28.3 4.18 9.8 1.27 3.5
1945 -4 59 16.1 31.4 23.7 4.39 42.3 0.86 20
1944 6 58 24.8 37.1 30.9 2.03 5.1 1.16 2.1
1943 3 47 19.4 31.6 25.5 3.74 26.4 1.29 10.5
1942 1 60 20.7 36.4 28.5 3.69 8.2 1.81 4.5
1941 3 48 18.9 31.6 25.3 4.21 20.1 1.03 6.3
1940 8 52 16.4 29.6 23 1.67 4.6 0.97 2
1939 4 55 20.7 35 27.9 2.18 7 1.01 3.2
1938 3 57 20.8 35.2 28 4.91 34 1.4 11
1937 15 64 29.5 45.3 37.4 3.93 2 0.66 0.8
1936 4 54 21 35.3 28.2 6.46 13.2 1.46 10
1935 -5 56 14.8 31.5 23.2 6.13 15.5 2.19 3.5
1934 -2 56 22.1 37.2 29.6 1.77 0.8 0.57 0.4
1933 9 60 30.7 45.1 38 1.21 1.3 0.45 0.7
1932 18 69 32.4 45.2 38.8 4.24 1.7 1.7 0.7
1931 7 55 23.1 38 30.5 4.09 11.7 0.92 7.4
1930 8 64 24.3 39.3 31.8 2.78 7.7 0.76 3.5
1929 6 60 21.2 36.9 29 3.82 13.5 1.31 4.5
1928 11 58 25.9 39.9 32.9 1.66 5.1 0.69 3.7
1927 0 52 23.4 38 30.7 2.67 16.1 0.92 9.2
1926 4 56 23.7 38.3 31 2.53 7.4 0.75 4.2
1925 0 48 19.4 34.9 27.1 3.97 20.7 0.74 7.4
1924 -6 61 23.3 40.5 31.9 3.27 8.5 1.08 4
1923 5 55 19.5 34.4 26.9 6.07 25.3 1.42 5.4
1922 0 51 20.3 34.1 27.2 1.41 2.7 1.08 2.5
1921 1 56 25.8 41.5 33.7 1.8 1.6 1.04 0.9
1920 -8 48 12.5 29.5 21 2.72 24.8 0.74 6.7
